D = 19;
n = [20];

N = 20;
d = [16 8 15 8 5 1 18 15 9 9 2 17 7 9 12 2 17 9 11 6];
m = [
    [1.0 0.509769987227129 0.8996434342760093 0.7316804689733734 0.2676936749270057 0.6979114530875118 0.6665186226458681 0.06995477861874966 0.943718766665459 0.876018754209182 0.4737857694214098 0.9086599188603685 0.2943201376382891 0.8740105279907138 0.31095395104331525 0.31353048700051855 0.021377905450058132 0.39971031795129786 0.903293213281751 0.2870183465134861]
    [0.18632969581820702 1.0 0.8644711949173899 0.16359811120558687 0.5051817525213911 0.43951725634487093 0.5264977270011737 0.184310075105237 0.6956513459693902 0.3591898862310078 0.6605591172635308 0.634484651740464 0.6696632160704353 0.3550445352100108 0.9836816960961321 0.9951697224837683 0.5659936188258157 0.9741368919240581 0.3088974295761451 0.32308747828761786]
    [0.5605791013099469 0.1261333110161783 1.0 0.27750420269823906 0.9880323813622428 0.17506146195812944 0.12768626960070673 0.09187443873965362 0.9887172333409031 0.001264473546795486 0.7614366007137886 0.22520584254262643 0.6669103661091962 0.5063383357378551 0.2787899795875204 0.7150013345800488 0.7556707706737802 0.25699753328200103 0.7425267551377832 0.8321029202719078]
    [0.4896021206519098 0.6019617707374149 0.8552180393732457 1.0 0.7070955434322402 0.6320309814179595 0.9329106564171514 0.08228139993580452 0.6966516708594646 0.2389665423099422 0.9621419282045309 0.24823888433450425 0.25276799539891925 0.5908510779779701 0.47556566421773194 0.4332269920456212 0.39438874780654976 0.45807160268521585 0.4558667868153031 0.7350234977396953]
    [0.8996610294955851 0.4853604162371382 0.01589120537533839 0.35912760326494075 1.0 0.4903686128114936 0.1920453721070996 0.9976879347384526 0.18529196880925647 0.6577628548243382 0.5686458790660041 0.035841190906010456 0.3056743627568317 0.15404146875096658 0.6466560236896394 0.5392648522266944 0.9131913820780618 0.6306876550985067 0.6459882904825159 0.6247198474300297]
    [0.3769464657889503 0.42035979886665575 0.8542963937625963 0.3877959421141456 0.7602745053317658 1.0 0.17484388492250436 0.3000593468660684 0.902714738803201 0.37561681493635346 0.15404400313440703 0.24223610110090987 0.42150393141274245 0.7399663493778187 0.16088357628684313 0.453131425960006 0.3074729878786838 0.8568925576219276 0.08052290175217391 0.5886681077955193]
    [0.4530981848418819 0.44574706702842726 0.054564964470082744 0.7400571347058079 0.4443319406706281 0.24098230822536437 1.0 0.6979033165161419 0.6030862538636645 0.21862118257244878 0.08583164601513027 0.8792163292939119 0.21228983356873976 0.44396580580721756 0.9806751187967683 0.11384803932864906 0.02044047225846024 0.20353141621445114 0.44645971039244925 0.1669005261514923]
    [0.40151552998597506 0.5135503172576125 0.6194673656206637 0.7475716232791123 0.6933140383398982 0.503293496863245 0.17325121140267508 1.0 0.24826364689828861 0.23343754474530043 0.24706263841514586 0.8057031625678489 0.831557629234314 0.39587119145918903 0.1855216302152285 0.14904006067291187 0.8294054539246155 0.2898996130004402 0.04723061797068362 0.11382255894647297]
    [0.5224480004277591 0.943276960824911 0.3236044511061612 0.9125572009061287 0.15612866766868683 0.48360045112384065 0.37593305012055067 0.011545874013663693 1.0 0.24743124037807773 0.937082659111909 0.40028606070365436 0.9080411892264193 0.8864617534532807 0.9548691667223047 0.6979815574582366 0.7286368141891232 0.7026737186936399 0.16059342123233245 0.9652350150898504]
    [0.9995832723091426 0.9711364238454284 0.15413812389127357 0.5330387696093882 0.6683175328076869 0.31184497239976594 0.14873172123345135 0.9586006649536416 0.8354240033901825 1.0 0.9682738917846601 0.7168767228783796 0.5053668091060436 0.5258117619072691 0.582448021563962 0.6453554657535371 0.15898334246485712 0.6244805530417575 0.4541265459507762 0.4057351488844261]
    [0.17471387126567373 0.6758963916691217 0.29651007975464094 0.863658211400775 0.8684615848950253 0.742656314308112 0.014011729596682843 0.5661751874454186 0.2677398996362593 0.6718699199521148 1.0 0.3333875458929365 0.11131105082004888 0.036123173328882596 0.5471530912922898 0.4648704945410431 0.7369749062767916 0.5566714253069851 0.9532742537766795 0.7642291595215386]
    [0.6545476345344922 0.6313662747823824 0.7037902452568635 0.12079319844483916 0.7386271666304796 0.5150721681939562 0.9629548584939323 0.7664312485533137 0.380860986559183 0.6885871787325554 0.7175576894673865 1.0 0.6405831010260269 0.6427889128547335 0.5374538743022023 0.8264191281792177 0.9642252273621448 0.9624252533323153 0.5859763584392897 0.6795508256919973]
    [0.46372428385056974 0.22613957454747335 0.9869404689821372 0.5580383661675565 0.5565056715960259 0.3471527627016875 0.2469270959500236 0.45553986056163887 0.4661403748469466 0.42595766017971315 0.269550977019247 0.44012898722421845 1.0 0.6781728438801409 0.3104140871817399 0.09188353252794446 0.765079971091094 0.23299355888507467 0.45343818088827836 0.49302883193121516]
    [0.8241341868178401 0.7176568444285985 0.23784132417513126 0.8901542840662398 0.0895594892349133 0.2168960079948079 0.9005429452173828 0.6715001147181132 0.4818182867055951 0.49665924929825334 0.43832387822124774 0.9124902538782028 0.6691218340410169 1.0 0.7719229912362227 0.23275655178233268 0.889217425192297 0.6996439212423802 0.8087091731095866 0.3519317560914257]
    [0.8060094906987144 0.7290310165915015 0.9077182013338952 0.4361741967718361 0.8046621989120619 0.869467673423796 0.6012418699475099 0.7194327078242357 0.9876567279047503 0.5553042665553717 0.06561803602788097 0.7152611242864914 0.883138091021637 0.0349936214015657 1.0 0.5219821119982915 0.5895456269469181 0.5328343603195546 0.04399479892386715 0.7464702284916599]
    [0.19239355964017957 0.6467730726496296 0.9908639897329704 0.8268829319584976 0.5284504456035781 0.2206702465325181 0.34938741432997666 0.1911525481419204 0.8032881219693708 0.1976512082370776 0.8934910765385444 0.8974096783962969 0.161947143880682 0.4705498384725725 0.21173034975431948 1.0 0.48260896990672275 0.8005177029468927 0.11366889428083304 0.45974527849292623]
    [0.6016107447841151 0.038241291698993485 0.29650004766114646 0.9775200708140154 0.9796527081290265 0.5484287213059836 0.0038013729005612618 0.24222825889979083 0.7604470008046024 0.3531648925952785 0.22731275255393635 0.7454455979471759 0.35600401999347697 0.9481795845008834 0.5965820045573506 0.5451018570584236 1.0 0.3774179959692885 0.557032305236243 0.8989386495244149]
    [0.5289550524566449 0.19056252634945592 0.5604297534231956 0.4681736680528029 0.14665313997457163 0.6721360752764853 0.5320304026875904 0.26921035299227813 0.9674073963531999 0.8922216474968732 0.9708502806136141 0.3845878025821796 0.5445851246101528 0.4127647996626197 0.5175185362476737 0.8979592625195578 0.12290659350804622 1.0 0.6815818792683914 0.39507839879649487]
    [0.30407596203615017 0.8869434095849259 0.9646526960495998 0.6087582363443365 0.18997260795001525 0.12482582880445259 0.2688512257018749 0.40422548661449476 0.9373482801549675 0.2582804178136783 0.3212007792569769 0.7480389781172917 0.5797212522341291 0.5039455690178151 0.6004627572915914 0.1635689714224987 0.8909005509192741 0.9361192449784094 1.0 0.2558996100554619]
    [0.9483132073586963 0.6327756432710374 0.9522809304438897 0.6693293106443422 0.30928172109616914 0.24901415080251377 0.34931651769234817 0.4298597747906132 0.41987984962033087 0.3670877950340282 0.2236149661087432 0.8488948702955831 0.7132162537132201 0.9711918339275474 0.30087391033129784 0.5935802500819511 0.6848624248307735 0.14877846959413066 0.8558627637939554 1.0]
];
